   s    subsets       brute_ms shortest_path_us  rho
   4         16          0.003            0.093    4 
   6         64          0.008            0.141    6 
   8        256          0.041            0.214    8 
  10       1024          0.211            0.308   10 
  12       4096          1.019            0.431   12 
  14      16384          5.061            0.581   14 
  16      65536         23.888            0.660   16 
  18     262144        113.510            0.826   18 
  20    1048576        517.033            0.969   20 
